0 6.764904568637248E-6
1 1.0339556142101664E-5
2 6.764904568637248E-6
3 7.1404923010761826E-6
4 8.755332831227954E-6
5 7.1404923010761826E-6
6 6.764904568637248E-6
7 8.126506325379335E-6
8 8.39834445555206E-6
9 6.764904568637248E-6
10 6.764904568637248E-6
11 6.764904568637248E-6
12 1.1369082529596125E-5
13 6.764904568637248E-6
14 6.764904568637248E-6
15 6.764904568637248E-6
16 6.764904568637248E-6
17 7.321096707624008E-6
18 6.764904568637248E-6
19 6.764904568637248E-6
20 7.307737542788622E-6
21 7.933160826747934E-6
22 6.764904568637248E-6
23 6.764904568637248E-6
24 6.764904568637248E-6
25 6.764904568637248E-6
26 6.764904568637248E-6
27 6.764904568637248E-6
28 6.764904568637248E-6
29 6.764904568637248E-6
30 6.764904568637248E-6
31 6.764904568637248E-6
32 6.764904568637248E-6
33 6.764904568637248E-6
34 1.1925278851173352E-5
35 8.586175279426694E-6
36 7.927859865336884E-6
37 7.065819111252211E-6
38 8.235981586289767E-6
39 7.065819111252211E-6
40 6.764904568637248E-6
41 6.764904568637248E-6
42 7.165258473356078E-6
43 7.065819111252211E-6
44 6.764904568637248E-6
45 6.764904568637248E-6
46 6.764904568637248E-6
47 6.92087501309992E-6
48 6.764904568637248E-6
49 6.764904568637248E-6
50 6.764904568637248E-6
51 6.764904568637248E-6
52 8.28122889778848E-6
53 6.764904568637248E-6
54 6.764904568637248E-6
55 6.92087501309992E-6
56 3.679280969989436E-5
57 6.764904568637248E-6
58 8.083830309799555E-6
59 6.764904568637248E-6
60 6.92087501309992E-6
61 6.764904568637248E-6
62 6.764904568637248E-6
63 6.764904568637248E-6
64 8.489131838290413E-6
65 8.235981586289767E-6
66 6.764904568637248E-6
67 6.764904568637248E-6
68 6.764904568637248E-6
69 6.764904568637248E-6
70 6.764904568637248E-6
71 6.764904568637248E-6
72 6.804579664194847E-6
73 6.764904568637248E-6
74 6.764904568637248E-6
75 6.764904568637248E-6
76 6.764904568637248E-6
77 6.764904568637248E-6
78 6.764904568637248E-6
79 1.1776703008435517E-5
80 6.869203822909833E-6
81 6.764904568637248E-6
82 6.818366136078856E-6
83 1.4015160263748165E-5
84 6.764904568637248E-6
85 6.764904568637248E-6
86 6.764904568637248E-6
87 7.561525468874596E-6
88 8.938128265212916E-6
89 7.786230412211735E-6
90 6.764904568637248E-6
91 6.764904568637248E-6
92 6.764904568637248E-6
93 7.502210991425783E-6
94 6.764904568637248E-6
95 6.764904568637248E-6
96 6.764904568637248E-6
97 6.764904568637248E-6
98 9.598367643042459E-6
99 6.764904568637248E-6
100 1.2184748383470931E-5
101 9.598367643042459E-6
102 6.764904568637248E-6
103 6.764904568637248E-6
104 7.009520085852086E-6
105 6.764904568637248E-6
106 6.905660583561475E-6
